100
1000000000000000000 550121100106025988
1000000000000000000 771014577708494670
1000000000000000000 374311838647153959
1000000000000000000 345058356899820458
1000000000000000000 722545261344634782
1000000000000000000 718669403022533175
1000000000000000000 236495679330885795
1000000000000000000 477153617660950211
1000000000000000000 780005353965512495
1000000000000000000 649819588233060183
1000000000000000000 972297366591099626
1000000000000000000 258657836486021495
1000000000000000000 605479198483617547
1000000000000000000 306765922468754079
1000000000000000000 814780988642559273
1000000000000000000 400746847107443293
1000000000000000000 578945701735662620
1000000000000000000 967775663408128471
1000000000000000000 296371937552293974
1000000000000000000 60366737041532673
1000000000000000000 258568061037590853
1000000000000000000 458658294089919126
1000000000000000000 375665009839469635
1000000000000000000 54767608357893267
1000000000000000000 331679230453184731
1000000000000000000 385287866535703381
1000000000000000000 975932146050998471
1000000000000000000 532664024982361367
1000000000000000000 99988839547433133
1000000000000000000 319003090279537004
1000000000000000000 395953205768957627
1000000000000000000 597467302161202220
1000000000000000000 816337810118907038
1000000000000000000 881082609588487523
1000000000000000000 108454228041745317
1000000000000000000 904201849785620363
1000000000000000000 860901243692703743
1000000000000000000 332786665816793052
1000000000000000000 29533211290246549
1000000000000000000 482835759951407479
1000000000000000000 642115894662955583
1000000000000000000 795229075408647924
1000000000000000000 774212533214587196
1000000000000000000 900707962315678374
1000000000000000000 249937443592114527
1000000000000000000 749350471303908335
1000000000000000000 114043279330972687
1000000000000000000 558615706294793257
1000000000000000000 528834207502933097
1000000000000000000 495281849390870838
1000000000000000000 716598978885180733
1000000000000000000 805982882646828326
1000000000000000000 339530409162010472
1000000000000000000 577897619754873900
1000000000000000000 286279451720760814
1000000000000000000 501044327588160000
1000000000000000000 205298181146110211
1000000000000000000 859898016379830513
1000000000000000000 816150867386166188
1000000000000000000 352537057357705328
1000000000000000000 985899762730747960
1000000000000000000 722187925070372126
1000000000000000000 176610234460357235
1000000000000000000 532827123079978734
1000000000000000000 416992921282008202
1000000000000000000 726081943789689396
1000000000000000000 985165542819617717
1000000000000000000 826408099138860377
1000000000000000000 542404801240541681
1000000000000000000 324309726471847430
1000000000000000000 625629552815390713
1000000000000000000 396284349715743892
1000000000000000000 65069373892025916
1000000000000000000 607887102602215054
1000000000000000000 500036908169841338
1000000000000000000 140667510682101722
1000000000000000000 966392145339906612
1000000000000000000 888881495906160441
1000000000000000000 84035336492047594
1000000000000000000 187002632404889163
1000000000000000000 997160230923213673
1000000000000000000 621455963632979195
1000000000000000000 316353636886688748
1000000000000000000 12103542068173004
1000000000000000000 880206727535879410
1000000000000000000 651677172139238927
1000000000000000000 735398776185498051
1000000000000000000 686232425492813334
1000000000000000000 348664898246277382
1000000000000000000 922338801467636016
1000000000000000000 772028204122789775
1000000000000000000 117388207187781345
1000000000000000000 364041743668567994
1000000000000000000 264904276511031616
1000000000000000000 826225647764709661
1000000000000000000 790740946404476778
1000000000000000000 110322748139837373
1000000000000000000 153127101513865722
1000000000000000000 670021643623180392
1000000000000000000 39838970879036724
