100
1000000 578674
1000000 760733
1000000 32179
1000000 650371
1000000 579427
1000000 759717
1000000 433411
1000000 904373
1000000 989278
1000000 634706
1000000 778918
1000000 60589
1000000 956456
1000000 904816
1000000 10556
1000000 296624
1000000 949479
1000000 725719
1000000 829580
1000000 205178
1000000 374635
1000000 251669
1000000 350675
1000000 818972
1000000 202483
1000000 426239
1000000 268938
1000000 263507
1000000 237644
1000000 583565
1000000 535549
1000000 799207
1000000 797659
1000000 374712
1000000 377415
1000000 117704
1000000 278934
1000000 333308
1000000 879642
1000000 896252
1000000 714704
1000000 119499
1000000 773005
1000000 813520
1000000 538403
1000000 3506
1000000 359800
1000000 220255
1000000 273720
1000000 276275
1000000 785427
1000000 145541
1000000 972037
1000000 23603
1000000 562378
1000000 189569
1000000 609063
1000000 263793
1000000 98665
1000000 931400
1000000 368414
1000000 436380
1000000 242149
1000000 560907
1000000 321889
1000000 19939
1000000 909794
1000000 703359
1000000 835717
1000000 718826
1000000 512381
1000000 577639
1000000 299949
1000000 25733
1000000 983952
1000000 110344
1000000 768998
1000000 570794
1000000 67421
1000000 438029
1000000 683342
1000000 414255
1000000 99574
1000000 42789
1000000 867295
1000000 999322
1000000 703428
1000000 591713
1000000 538202
1000000 377324
1000000 222967
1000000 474491
1000000 627093
1000000 90854
1000000 125409
1000000 594822
1000000 303700
1000000 216872
1000000 358204
1000000 878999
